rot:
  max: 13.65484341949126
  mean: 2.4813217615851686
  median: 1.618232198096238
  min: 1.0467309532401596
  num_samples: 4761
  rmse: 3.338114783605814
  std: 2.232947071475623
scale:
  max: 32.141105700561255
  mean: 3.0344954842057734
  median: 1.378204240539016
  min: 0.0002340372024844939
  num_samples: 4761
  rmse: 5.639228561370377
  std: 4.753181663234657
trans:
  max: 1.1188106460127063
  mean: 0.22252915272514295
  median: 0.17141536402527183
  min: 0.10102555858170185
  num_samples: 4761
  rmse: 0.27351947731582993
  std: 0.15903987128564592
