rot:
  max: 8.66336070165385
  mean: 3.2977138351995303
  median: 2.720967309832709
  min: 1.2689424538411975
  num_samples: 4245
  rmse: 3.5980069427323733
  std: 1.4390057057162624
scale:
  max: 22.692638728081693
  mean: 3.051358401273064
  median: 2.1456166235756857
  min: 0.00047263118386764447
  num_samples: 4245
  rmse: 4.824495878073176
  std: 3.7369736933145985
trans:
  max: 0.8527132828590404
  mean: 0.2710626486295741
  median: 0.2410331004763299
  min: 0.015045195952000375
  num_samples: 4245
  rmse: 0.3102888739687226
  std: 0.15101068116758454
